masa_A
t	x	y
0.0	-0.004350417371873527	0.006090584320622955
0.03336666666666497	-0.01659359464282789	0.003917781142230542
0.06673333333333357	-0.03303956333527641	0.011757385145521687
0.10009999999999855	-0.05304320619600883	0.028336876989270815
0.13346666666666715	-0.06489548239365622	0.04056111636668644
0.1668333333333321	-0.07901612755127269	0.039624417126291056
0.2001999999999971	-0.0821366201739927	0.03602075668222213
0.2335666666666657	-0.08544387470738565	0.034198224837716173
0.2669333333333307	-0.08354379388378555	0.028491402506037017
0.3002999999999993	-0.07838551501846963	0.023269704720456835
0.3336666666666642	-0.06933887127471111	0.017186062475989528
0.3670333333333328	-0.05675355348789529	0.011345935359364845
0.4003999999999978	-0.04092188501206412	0.004493103053570646
0.4337666666666664	-0.022771716424540567	-0.001726361119248787
0.4671333333333314	-0.003347030049035027	-0.006995427221664019
0.5005	0.017266900804486618	-0.01136408713396081
0.5338666666666649	0.03801622760347684	-0.014754200357910502
0.5672333333333299	0.05817770066516692	-0.016842782055363076
0.6005999999999986	0.07710626170598756	-0.018346737148240366
0.6339666666666671	0.09422501460172095	-0.018751541116511866
0.6673333333333321	0.10850830402419642	-0.017703530583512955
0.7006999999999971	0.11941125297089955	-0.015945860810917867
0.7340666666666656	0.1274908788841781	-0.01351519142201224
0.7674333333333343	0.13101646518845028	-0.01109754104307717
0.8007999999999993	0.13054636258849595	-0.008814390151836354
0.8341666666666643	0.12580896189936858	-0.007326545163573367
0.8675333333333292	0.11819024646035237	-0.006700468768504747
0.9009000000000015	0.10589559428997286	-0.006710439740489821
0.9342666666666665	0.09165956916162527	-0.008519470441453625
0.9676333333333313	0.07433784382314212	-0.011425238550773431
1.0009999999999963	0.055572409033452175	-0.01607201380172213
1.0343666666666687	0.035665943784777776	-0.021727584148252044
1.0677333333333336	0.01567322933757065	-0.028875941843731295
1.1010999999999986	-0.004074722753982074	-0.03617580019372954
1.1344666666666634	-0.021737650276145548	-0.04474367113160077
1.1678333333333322	-0.03774898100483759	-0.0533689834796551
1.2012000000000007	-0.05097735984926205	-0.06269943656161542
1.2345666666666657	-0.060689083590553805	-0.0710442358154327
1.2679333333333307	-0.05414247693837815	-0.06836212930155275
1.3012999999999992	-0.05766002054678637	-0.07287608978608631
1.3346666666666678	-0.05716822231452173	-0.0757290035887754
1.3680333333333328	-0.05413862510969408	-0.07615534102452523
1.4013999999999978	-0.04770084593242929	-0.07378559175914975
1.4347666666666665	-0.038412191744304325	-0.06847849981342466
1.4681333333333313	-0.027066121442643976	-0.06131740678133618
1.5015	-0.023595771047941916	-0.06528589779644395
1.534866666666665	-0.008465981441448722	-0.05392242676605488
1.5682333333333336	0.01218116864124591	-0.03654350592373762
1.6015999999999986	0.026576217023835502	-0.021899588795825126
1.6349666666666671	0.04069684601967927	-0.006066391273779281
1.6683333333333321	0.05359760930261942	0.009722516167823686
1.7017000000000007	0.06491161232742992	0.02497429616474639
1.7350666666666656	0.07405880608149201	0.03898240244496454
1.7684333333333344	0.0811341118285146	0.05152337185725997
1.8017999999999992	0.08612753606960566	0.06212140240715806
1.8351666666666642	0.0886750128943371	0.06992772201805239
1.868533333333333	0.08096393663962842	0.07570350153323266
1.901899999999998	0.07782145914506744	0.0770373113685919
1.9352666666666627	0.07473422173239713	0.07425293380183819
1.9686333333333277	0.06872763872773574	0.06737871411440967
2.0019999999999962	0.06210382379168766	0.05822720757001601
2.0353666666666688	0.05528678998448888	0.04442000680514399
2.0687333333333338	0.04754692314630521	0.02988218903978601
2.1020999999999987	0.04047984449718939	0.01135084340512224
2.1354666666666673	0.034300375694019336	-0.009397241981451615
2.1688333333333323	0.029008262356063463	-0.030364781738223018
2.2021999999999973	0.024963433953449576	-0.051378630608668735
2.2355666666666623	0.022181058793005026	-0.07180816382235336
2.268933333333331	0.02065208694161358	-0.08962629175622935
2.302299999999996	0.02149146125519069	-0.10339972476951817
2.335666666666668	0.021860626466170152	-0.11405068950421568
2.369033333333333	0.02314781786556086	-0.12444089869649619
2.4024000000000014	0.02563369703329016	-0.12934727566920615
2.4357666666666664	0.029818480689868088	-0.13132068452582543
2.4691333333333314	0.03218811469615579	-0.12825612234306102
2.5024999999999964	0.034808773156309925	-0.12446127602189785
2.535866666666665	0.03620971800641326	-0.11561597362218626
2.5692333333333264	0.03725336692191622	-0.1025378021890461
2.602599999999995	0.03727229658687886	-0.08672200127861898
2.635966666666671	0.03587866601160705	-0.06841960394880045
2.669333333333332	0.03345471155599378	-0.049116718530879205
2.7027000000000005	0.03001069684396257	-0.03014684978506521
2.7360666666666695	0.02301114198164006	-0.007217297706198528
2.7694333333333305	0.017353836476344586	0.011949357807158584
2.802799999999999	0.010961319389340252	0.029527618105232967
2.8361666666666605	0.00323428131295439	0.046257971942095355
2.869533333333329	-0.003797674481585356	0.059713161893686875
2.902899999999998	-0.010487251549674392	0.06981325054093548
2.9362666666666666	-0.016155503977879793	0.07655510235345504
2.969633333333335	-0.020609791698023572	0.07939821532037024
3.0030000000000037	-0.023380329332247596	0.07859674465018077
3.036366666666665	-0.0239716946313972	0.07427333731494916
3.0697333333333336	-0.022192568787780254	0.06630447934630287
3.103099999999995	-0.018030659158448814	0.05558068285169729
3.1364666666666636	-0.011448614201741814	0.042269236894540985
3.169833333333332	-0.002740194712836208	0.0275898421861627
3.2031999999999936	0.007923591361236604	0.011968693795838425
3.2365666666666693	0.020359838047343592	-0.00414789819767708
3.2699333333333307	0.03396091359296377	-0.02000714773017795
3.3032999999999992	0.047993979995267555	-0.03460527295811702
3.336666666666668	0.06217186400714192	-0.04770944597954038
3.370033333333329	0.08526818048872131	-0.06612634405247766
3.4033999999999978	0.0965792656555925	-0.07308701184747532
3.4367666666666663	0.10266984997621542	-0.0774374292193489
3.4701333333333277	0.1139809351430866	-0.08004767964247303
3.5034999999999963	0.12529202030995784	-0.08004767964247303
3.536866666666665	0.13486293852807957	-0.06612634405247766
3.5702333333333334	0.13312277157933017	-0.05220500846248238
3.6036000000000024	0.12790227073308197	-0.0452443406674847
3.6369666666666634	0.12094160293808426	-0.03480333897498822
3.6703333333333323	0.10963051777121308	-0.02784267117999059
3.703700000000001	0.08874851438622017	-0.026102504231241164
3.737066666666662	0.08178784659122246	-0.024362337282491764
3.770433333333331	0.06987666524715697	-0.01399375420966023
3.803799999999992	0.04791652263861568	-0.006598054091049854
3.837166666666668	0.028022819451420433	3.0547461614163773E-4
3.8705333333333365	0.010055003285543429	0.007101379048846668
3.903899999999998	-0.00917479888935957	0.011268169291755392
3.9372666666666665	-0.026852598146832773	0.013219081478187594
3.970633333333335	-0.039488476453500065	0.01628837588182852
4.003999999999996	-0.05374211775104576	0.015606434614424514
4.0373666666666645	-0.06515105139305438	0.01217039741013462
4.070733333333326	-0.06756232123862316	0.013463862624563477
4.1040999999999945	-0.0714538093134987	0.008756284392322039
4.137466666666671	-0.0690133824427206	0.006522560845897363
4.1708333333333325	-0.06297164730849902	0.0011332192744211433
4.204200000000001	-0.05233391482473787	8.588630591643553E-4
4.23756666666667	-0.03873807488793124	-6.593074977574442E-4
4.270933333333331	-0.022770261889308863	-0.0022100851207756678
4.3043	-0.0049900422818468515	-0.002102041312105951
4.337666666666661	0.014398533505121158	3.080837966212835E-4
4.3710333333333296	0.034876446726052224	0.003999721059078559
4.404399999999998	0.05423799126987172	0.007431236010825126
4.437766666666667	0.07266612905535613	0.01065037414679526
4.471133333333335	0.08997666609391419	0.016576187704834267
4.504500000000004	0.10407992644577391	0.01934376543757521
4.537866666666665	0.11617108889998085	0.023803732622717316
4.571233333333334	0.12545445399095534	0.031460038744563906
4.604599999999995	0.13095978533035824	0.03562094473405933
4.637966666666664	0.1326901299213346	0.03898188238640679
4.671333333333332	0.13059710375327327	0.0409190443693187
4.704699999999994	0.12493133184009453	0.041022971869762254
4.738066666666669	0.11617752212312793	0.03988050428946002
4.771433333333338	0.10489891399892509	0.037128915195829615
4.804799999999999	0.09119889181593366	0.032043097826629174
4.838166666666668	0.07500023674929901	0.021557347501966917
4.871533333333329	0.05862716437513277	0.013419499858994627
4.904899999999998	0.041601437789575646	0.0038861116081025104
4.938266666666666	0.02372032557742343	-0.011796450655576829
4.971633333333328	0.008610028508487855	-0.021552239561347192
5.004999999999996	-0.007471728333054206	-0.037073005517846785
5.038366666666665	-0.019761385926979125	-0.05008556372426365
5.071733333333333	-0.030402861821886784	-0.06047942047592392
5.105100000000002	-0.0377744487813656	-0.0703116264556746
5.138466666666663	-0.04191521048920749	-0.07743960800122321
5.171833333333332	-0.0431434883830209	-0.07982763546855606
5.2052000000000005	-0.042271574786530486	-0.08839827396408798
5.238566666666662	-0.03801740971955936	-0.08057116918550852
5.2719333333333305	-0.03273279383465533	-0.07833414624884497
5.305299999999992	-0.024896243663727613	-0.07132727681326603
5.338666666666668	-0.015721627930856852	-0.06251581177379736
5.372033333333336	-0.005733619467163997	-0.052256718930560914
5.4053999999999975	0.004174124894105735	-0.035894945829465674
5.438766666666666	0.015628740308756217	-0.01532148308211026
5.472133333333335	0.024674899528815908	0.0011970535746782252
5.505499999999996	0.03369886180916448	0.021400078056292404
5.538866666666665	0.040245242193146735	0.03705908762540927
5.572233333333326	0.04578562329686847	0.05238025887679537
5.605599999999995	0.05122452214186035	0.07387391311095903
5.638966666666671	0.05211171792035718	0.08254626935305272
5.672333333333333	0.05282870032394482	0.09422433902215631
5.705700000000001	0.052439345626946465	0.10183516140117815
5.73906666666667	0.05008151353171586	0.10478981942090533
5.772433333333331	0.04727553750513791	0.10446039875240572
5.8058	0.04370740947167556	0.10049266252757125
5.83916666666666	0.04002918775913117	0.09128859322982925
5.87253333333333	0.03676489134377037	0.07790719713999407
5.905899999999998	0.03312070025305475	0.06430218617140986
5.939266666666667	0.030207700254342107	0.0443043056535902
5.972633333333335	0.028167547791240977	0.024103121911067477
6.006000000000004	0.026591229969915642	0.0037438437236571587
6.039366666666665	0.026752616562253917	-0.01592066850644719
6.072733333333334	0.02675780992028476	-0.03748242742148203
6.106099999999995	0.028667619770425423	-0.05720084480032672
6.139466666666664	0.032005050818587455	-0.07789116736153703
6.172833333333332	0.03460956956061384	-0.09053812945786524
