masa_A
t	x	y
0.0	0.0033221876313287435	0.0014878396771293712
0.03336666666666497	0.014996955746952312	-0.0033603355858106143
0.06673333333333357	0.03092218786178952	-0.005902771673765156
0.10009999999999855	0.04777443141123833	-0.006367039373390254
0.13346666666666715	0.06192125337416449	-0.005453982287361575
0.1668333333333321	0.07550880964404483	-0.0032334245566688347
0.20020000000000074	0.08719903967762238	8.684757646874874E-4
0.2335666666666657	0.09689416793524658	0.005902006454843678
0.2669333333333343	0.10299358001825787	0.011417746008854507
0.3002999999999993	0.10692792594734746	0.017009939180757355
0.3336666666666642	0.10689883104658998	0.021600046345459784
0.3670333333333328	0.10517309870864544	0.026056982919880817
0.4004000000000015	0.10030912008954262	0.02856265301659558
0.4337666666666664	0.09209937041923444	0.02806447845190449
0.4671333333333314	0.08225219774382614	0.02729698985260884
0.5005	0.07088229099308452	0.02255267218835061
0.5338666666666686	0.05697328409943364	0.015225271945802477
0.5672333333333336	0.04441506349944491	0.00749717383353396
0.6005999999999986	0.031153837522665484	-0.0029536585557048967
0.6339666666666635	0.017245575895691423	-0.015221953043206615
0.6673333333333358	0.010248253060392454	-0.026096337367067762
0.7007000000000008	0.0023647112521625324	-0.03932245715046287
0.7340666666666656	-0.005039803732049264	-0.05198405226723676
0.7674333333333306	-0.00852934343305356	-0.06398607504214032
0.800800000000003	-0.00920255845490836	-0.07461560683822527
0.8341666666666678	-0.00791956410961675	-0.08324536065055221
0.8675333333333328	-0.004612633502971086	-0.08969420681533424
0.9008999999999978	2.2352917863344146E-4	-0.09318881678929714
0.9342666666666665	0.0065928911424703585	-0.093341804931586
0.967633333333335	0.013686197596323224	-0.09149012610681956
1.001	0.02012971184672374	-0.08588159150438635
1.0343666666666649	0.02679181276045811	-0.07779474939654374
1.0677333333333336	0.03248618990769819	-0.06759557900668695
1.1011000000000022	0.05163505492977427	-0.04743960712675108
1.1344666666666672	0.054944294130856164	-0.03209509286703188
1.1678333333333322	0.05637242593646158	-0.016690695791345578
1.2012000000000007	0.056066353951971404	-0.0020916886787528954
1.2345666666666657	0.053607239002523344	0.013077337373974651
1.2679333333333342	0.04963287261826782	0.027684251354217176
1.3012999999999992	0.04450659196413609	0.03874575024308133
1.3346666666666678	0.03865939225124265	0.048248915176598656
1.3680333333333328	0.032290336881933	0.05506747559155123
1.4014000000000015	0.026056053176294447	0.058784521282062324
1.4347666666666665	0.02059143568283378	0.059123011711953305
1.468133333333335	0.015740327374041463	0.056810339871500054
1.5015	0.013056527893478997	0.051700337802006446
1.5348666666666686	0.011707067360240575	0.044457041092299726
1.5682333333333336	0.01228105994232409	0.03530553716404822
1.6015999999999986	0.016175927870587914	0.02441955102919388
1.6349666666666671	0.01970552098764461	0.012251768970504617
1.6683333333333321	0.027603542204530318	7.61547739381474E-4
1.701699999999997	0.03744847560454789	-0.010450978593786187
1.735066666666662	0.048477783948877584	-0.021080007164885423
1.7684333333333306	0.060907649270264486	-0.028980007991756124
1.801800000000003	0.07373849279168221	-0.03550976558933858
1.835166666666668	0.08630878513405782	-0.03970421410472727
1.868533333333333	0.09783877828234994	-0.04208697249457413
1.9019000000000015	0.10786801134518414	-0.04240833127569896
1.9352666666666665	0.1166771329023803	-0.040691893486899305
1.9686333333333315	0.1222513958299839	-0.036986778287205674
2.0019999999999962	0.12544408418482628	-0.031476828907800986
2.0353666666666648	0.12440503679309661	-0.026477024869885096
2.0687333333333298	0.12175783372998278	-0.01990249145723441
2.1021000000000023	0.11530430003989617	-0.014111890887127415
2.1354666666666673	0.10616165679474243	-0.008571659457345199
2.168833333333336	0.09489250891614809	-0.004130941921800163
2.202200000000001	0.08158565154575198	-0.0012029533237885304
2.235566666666666	0.06695860511046736	1.037052359641466E-4
2.268933333333331	0.05247426307783265	2.7903505396781325E-4
2.3022999999999993	0.03777232804904007	-0.001876422957788948
2.335666666666661	0.02329331229789605	-0.005312378074837115
2.3690333333333293	0.011151594201651016	-0.009798332177338887
2.402400000000005	-9.520848869549181E-4	-0.01770017724625103
2.4357666666666664	-0.009295826717759359	-0.023482156779460583
2.469133333333335	-0.014844494176742828	-0.0304431759735532
2.5025000000000035	-0.01796356223141027	-0.03690579433369581
2.535866666666665	-0.019689779783783	-0.04530819973927283
2.5692333333333335	-0.016652288095245493	-0.05014567491746186
2.602599999999995	-0.011170891408558314	-0.05096828430311909
2.6359666666666635	-0.0033929688740674813	-0.049236508691573616
2.669333333333332	0.005982939904370599	-0.04676202351025496
2.7027000000000005	0.016120372161797125	-0.04142132537773316
2.7360666666666695	0.025873803789206284	-0.034127719928029404
2.769433333333338	0.03646196769893373	-0.025028089840983314
2.802799999999999	0.04611003975848699	-0.013841449439534942
2.836166666666668	0.05440542749596933	-0.004556746511449522
2.869533333333329	0.06158409616862248	0.010971159654357188
2.902899999999998	0.06679976292993145	0.024594136800160066
2.9362666666666666	0.0702203855011822	0.036974155783313395
2.9696333333333276	0.07270475942502902	0.04156519459585151
3.0030000000000037	0.07162888960734148	0.05233236435638114
3.036366666666665	0.06937148061746601	0.06033148334886984
3.0697333333333336	0.06569132069150474	0.0653469532628563
3.103100000000002	0.060388443133812975	0.0683869198419069
3.1364666666666636	0.053346559705514274	0.07002539374510167
3.169833333333332	0.04650954486903319	0.06642871261284461
3.2032000000000007	0.04135533722940171	0.05864515901997941
3.236566666666662	0.03647587422489951	0.049591128055169936
3.2699333333333307	0.0328558007710551	0.03916903525342333
3.3032999999999992	0.030909787948768808	0.025183798197005614
3.336666666666668	0.030500586152824583	0.0106290858732834
3.3700333333333363	0.031931058819837044	-0.00446634068973184
3.4033999999999978	0.03718954182780143	-0.014249944148028243
3.4367666666666663	0.04215751113455135	-0.028111198829088413
3.470133333333335	0.04854385442774295	-0.03920179467252413
3.5034999999999963	0.05582656768249822	-0.04872410023423129
3.536866666666665	0.06294615244204133	-0.05563542194181775
3.5702333333333263	0.07009182557915211	-0.05968300104005342
3.6036000000000024	0.07620198661797195	-0.061239389517486365
3.636966666666671	0.08086193963999161	-0.06053165623187168
3.6703333333333323	0.0843093366312791	-0.056852872476551575
3.703700000000001	0.0846793656577513	-0.0516916318026262
3.7370666666666694	0.08321780696110315	-0.045269137508492874
3.770433333333331	0.07958956767046566	-0.03626921469520633
3.8037999999999994	0.07332693534599233	-0.0272022273031525
3.8371666666666604	0.06502228212772226	-0.017275522387190462
3.8705333333333294	0.05347671312290586	-0.014348916865599887
3.903900000000005	0.041284335153863816	-0.004797619528685709
3.9372666666666665	0.029281773390010646	0.007964495832560148
3.970633333333335	0.01463568331319487	0.012340646942201605
4.004000000000004	0.0010685600293777742	0.017393531028358444
4.0373666666666645	-0.0023953271763576534	0.02718777893601959
4.070733333333334	-0.015207890339177188	0.026830292212351642
4.1040999999999945	-0.024718933245820196	0.02363051812947653
4.137466666666663	-0.03200153168826114	0.019692205676172858
4.1708333333333325	-0.036735065851074056	0.0150741176267436
4.204200000000001	-0.04318049702066046	0.01027605448748109
4.23756666666667	-0.04195303342749801	0.0044333770063031686
4.270933333333338	-0.03724977016714437	-0.0020531244395661785
4.3043	-0.031089012739244914	-0.006590935619075561
4.337666666666668	-0.02192818186356693	-0.010506470623985076
4.3710333333333296	-0.009579801854695258	-0.013993125589827793
4.404399999999998	0.0028141891075751935	-0.01554899047210706
4.437766666666667	0.01678815199003958	-0.015459438640356399
4.471133333333328	0.0308313574466772	-0.013110582023014461
4.504500000000004	0.04348145820613136	-0.009891478750576888
4.537866666666672	0.05577367074967471	-0.005053189720603257
4.571233333333334	0.06638333147745384	1.7856690148831955E-4
4.604600000000002	0.07539069595666242	0.006657073249157652
4.637966666666664	0.0824778399928422	0.013658107121742036
4.671333333333332	0.08692064288097778	0.019820487133139497
4.704700000000001	0.0883968175885213	0.024697240167750545
4.738066666666662	0.08761176489476769	0.02913239451026478
4.771433333333331	0.08443164535728703	0.03199964588578336
4.804799999999999	0.07917176759654249	0.032920171408416604
4.838166666666668	0.0722171685238619	0.03106645696373861
4.871533333333336	0.06357782405820805	0.02664098150911212
4.904899999999998	0.054230677669785565	0.019566483687232267
4.938266666666666	0.045260974580644375	0.01087313225322828
4.971633333333335	0.03676037053657888	3.112398570534469E-5
5.004999999999996	0.029037402715342997	-0.012512551467912664
5.038366666666665	0.022395061283266238	-0.025569130909476295
5.071733333333326	0.01769020997336951	-0.03996126214263465
5.105100000000002	0.014849394704296748	-0.05331855198269286
5.1384666666666705	0.013863219579777153	-0.0659433416008906
5.171833333333332	0.0147008052199602	-0.07793945126151841
5.2052000000000005	0.01723474474687342	-0.0871911561286478
5.238566666666669	0.021181497229314283	-0.09396770994410047
5.2719333333333305	0.03952029176056837	-0.08866670683372957
5.305299999999999	0.03108315657176275	-0.09951509431961503
5.3386666666666605	0.03636996698961065	-0.09770409443964889
5.372033333333329	0.040093234317858106	-0.09452420899198272
5.4054000000000055	0.0453230667512734	-0.08632338844304488
5.438766666666666	0.04801938134260586	-0.07697420716845987
5.472133333333335	0.04898699231187498	-0.06567952683808082
5.505500000000004	0.04879907307226877	-0.05281099789981192
5.538866666666665	0.046725497553376405	-0.03918435427431974
5.572233333333333	0.042630902885148036	-0.025861258560632816
5.605599999999995	0.03711593379634648	-0.012989540719072767
5.638966666666663	0.02978458179157556	-0.0013649315182918398
5.672333333333333	0.022481416199604753	0.00922112960540658
5.705700000000001	0.01387910386005936	0.017167081060966677
5.73906666666667	0.005899152644154526	0.023133619332836697
5.772433333333338	-0.00341655730016055	0.02484276406403707
5.8058	-0.009627802415512865	0.025762383241366565
5.839166666666668	-0.015983127369341987	0.02253199869063635
5.87253333333333	-0.018961450347923958	0.018225297746151392
5.905899999999998	-0.01923778003812754	0.012519241658682567
5.939266666666667	-0.016616924981638803	0.0059077558062213265
5.972633333333328	-0.012026102093249391	-0.002354656500491187
6.006000000000004	-0.004972290961557824	-0.011067383016631738
6.039366666666672	0.004592704004189707	-0.01936875570572516
6.072733333333334	0.016177433282928033	-0.02656803781735645
6.106100000000002	0.028847112819689935	-0.03297062921097696
6.139466666666664	0.04278769810674188	-0.03733409344569372
6.172833333333332	0.05629297920958337	-0.0408461715258972
