masa_A
t	x	y
0.0	0.00744548543457263	0.03350468445557628
0.033366666666668605	-0.0017540399109412519	0.019611098406119715
0.06673333333333357	-0.007972068774256102	2.6164053299870815E-4
0.10010000000000219	-0.012284733737455145	-0.017062964977586192
0.13346666666666715	-0.01448683112113458	-0.034336862939462615
0.16683333333333575	-0.014357104884311356	-0.05065505432737555
0.20020000000000074	-0.012036982307017885	-0.06554394447403802
0.23356666666666934	-0.007593143802214153	-0.0789484323689115
0.2669333333333343	-0.0015880975944028153	-0.08996696116315908
0.3002999999999993	0.0057425550452647744	-0.09847344357586976
0.3336666666666679	0.014115799553705788	-0.10403484588531817
0.3670333333333365	0.022860696075545084	-0.10652002646348116
0.4004000000000015	0.0319417403768914	-0.10614612653352798
0.4337666666666664	0.04062489566025357	-0.10271167078528812
0.467133333333335	0.048466690331915696	-0.09644308195032039
0.5005000000000036	0.05531225974837828	-0.08726201597380176
0.5338666666666686	0.06065758041097585	-0.08510263265473025
0.5672333333333336	0.06427899296670392	-0.07149876395678731
0.6005999999999986	0.06596830424874545	-0.058139546601546715
0.6339666666666708	0.06442704958219458	-0.041070136725048084
0.6673333333333358	0.06128987960569904	-0.02455718326451714
0.7007000000000008	0.055712371496715096	-0.007839747821816817
0.7340666666666656	0.048120731310351605	0.008402792665721692
0.7674333333333343	0.03872350808788283	0.023933025909539052
0.800800000000003	0.027416967063695008	0.03814341808356958
0.8341666666666678	0.01481334338532736	0.05064729041597879
0.8675333333333328	0.0012866072118485894	0.06128024159581677
0.9008999999999978	-0.012727571308828789	0.06982971249874201
0.93426666666667	-0.026890628819144613	0.07593142661807711
0.967633333333335	-0.04065433946290348	0.07951388181973892
1.001	-0.05953597411853695	0.0836775475266773
1.0343666666666649	-0.07112649879890365	0.08225884651055351
1.0677333333333372	-0.08088338006179929	0.07858652811549997
1.1011000000000022	-0.08827347002135955	0.07317453320806333
1.1344666666666672	-0.09317859631329134	0.06630536645735093
1.1678333333333322	-0.0952001781602495	0.05820152219035071
1.2012000000000007	-0.09432911583488007	0.04956437170689096
1.2345666666666693	-0.09043069545327209	0.04055855078225776
1.2679333333333342	-0.08374674836740681	0.03200570027543456
1.3012999999999992	-0.07438323613235565	0.0243797537733422
1.3346666666666678	-0.0622963453032126	0.017606215893875288
1.3680333333333365	-0.04823687394574022	0.012369268823303026
1.4014000000000015	-0.032594825467789856	0.008792452612530782
1.4347666666666665	-0.015754580932601736	0.007069458634937159
1.468133333333335	0.0018137805304154209	0.007235961566285892
1.5015	0.01950887280579211	0.009379962377425638
1.5348666666666686	0.036814914207557836	0.013531648270873775
1.5682333333333336	0.06452066612053947	0.019420245685114162
1.6016000000000021	0.0796931306386034	0.0268288099486928
1.6349666666666671	0.09333409957756694	0.035728104948286904
1.6683333333333357	0.10478150701212274	0.04577598701746999
1.7017000000000007	0.11395686806416888	0.056921498050859
1.7350666666666694	0.1206858287203369	0.06823999284383152
1.7684333333333344	0.12504727025319073	0.07982128374612188
1.8017999999999992	0.12668520371942232	0.0908916287008588
1.835166666666668	0.1255860687806417	0.10071966140529867
1.8685333333333365	0.12201581765294744	0.10929109876206554
1.9019000000000015	0.11598161906468218	0.11608317961958592
1.9352666666666665	0.10802590813952517	0.12069888941880262
1.968633333333335	0.09831976124049552	0.12296418204917473
2.0020000000000038	0.08724063870098359	0.12276292362925847
2.0353666666666688	0.07553378300048297	0.11962049823664422
2.0687333333333338	0.06321680410053243	0.11374954648827951
2.1020999999999987	0.0508923588021557	0.10528399649168067
2.135466666666671	0.03923223924095637	0.0941397532806885
2.168833333333336	0.028512561182924223	0.08127234837852161
2.202200000000001	0.019123572731634952	0.06593265051167271
2.235566666666666	0.011108871695982292	0.05016424110503284
2.268933333333338	0.005563810460131269	0.032760875904039116
2.302300000000003	0.0020271147334033346	0.014868278698985327
2.335666666666668	7.571439133425839E-4	-0.00278357911632654
2.369033333333333	0.0016565555254375308	-0.019667532676457877
2.4024000000000014	0.004137837812284106	-0.035515029879870735
2.43576666666667	0.008849205388580028	-0.049541381836565646
2.469133333333335	0.015122476415676156	-0.06159271976927996
2.5025	0.022081019676219338	-0.07116911787106914
2.535866666666665	0.030175297692018543	-0.07805048163006875
2.569233333333337	0.038491061273085214	-0.0822761962235514
2.602600000000002	0.04676275303651489	-0.08348806097201397
2.635966666666667	0.05450699029603939	-0.08189527820279044
2.669333333333332	0.06119287343037366	-0.07760384069953644
2.7027000000000005	0.06661708243775877	-0.07075605410400945
2.7360666666666695	0.07022990815948221	-0.06168854412956379
2.7694333333333345	0.07191326853074537	-0.050600156927211815
2.802799999999999	0.07134266577052495	-0.037965230795132504
2.836166666666668	0.06871555430724263	-0.024503038061928467
2.8695333333333366	0.06359080179390175	-0.010286688317683756
2.9029000000000016	0.05623495821085733	0.004058032545010387
2.9362666666666666	0.04691257256010278	0.017799745395862404
2.969633333333335	0.03527367523244135	0.031178152841202983
3.003	0.022488089979205372	0.04296261629244655
3.0363666666666687	0.00837630509574544	0.05321315597310228
3.0697333333333336	-0.007416044370819885	0.061899939699424866
3.103100000000002	-0.02307809082176987	0.06832651539286266
3.136466666666667	-0.03923579657554216	0.07265948470661862
3.1698333333333357	-0.05453151430438574	0.0745709713585015
3.2032000000000007	-0.06922203277813865	0.07428843124447926
3.2365666666666693	-0.08244519151534097	0.07164724021758069
3.2699333333333342	-0.09376798411181336	0.0671056364464434
3.3032999999999992	-0.10278112494096431	0.060792170028345915
3.336666666666668	-0.10911806665104087	0.052951073224484085
3.3700333333333363	-0.11240745667441596	0.044127134748976726
3.4034000000000013	-0.1126635675298959	0.03495340141883904
3.4367666666666663	-0.11009632246731837	0.02578486612944464
3.470133333333335	-0.10440503108710975	0.017021702963431168
3.503500000000004	-0.09603657876572053	0.009473123888004337
3.536866666666669	-0.08513493957258628	0.0029819451687353726
3.5702333333333334	-0.07186173665924078	-0.0018056147282290713
3.6035999999999984	-0.05764718249790807	-0.004833442250036207
3.636966666666671	-0.04078817460884987	-0.006122534107320554
3.670333333333336	-0.024045922486057192	-0.005082299884930974
3.703700000000001	-0.006814073759289441	-0.0017955734891268726
3.737066666666666	0.01016753792827213	0.0036363589323820666
3.770433333333338	0.02638491947435251	0.010935247338582699
3.803800000000003	0.04138677609271846	0.019750096341842716
3.837166666666668	0.05528057239037065	0.03043902581998595
3.870533333333333	0.06715373496777105	0.042178395223663706
3.9039000000000015	0.07648665250673081	0.054363438844083095
3.93726666666667	0.08387713184329287	0.0669855049944291
3.970633333333335	0.08863093076427425	0.07962284080890808
4.004	0.09098832730418177	0.0914945347302133
4.037366666666669	0.09089733701061176	0.10248940377074023
4.0707333333333375	0.08847354727761392	0.11159725474713943
4.1041000000000025	0.08291809690458424	0.11857032324794022
4.1374666666666675	0.07645293210836979	0.12365510795630168
4.1708333333333325	0.06860291023438025	0.12609971097963862
4.204200000000001	0.059255361932651074	0.12563785208333203
4.23756666666667	0.04918774262301462	0.12206052453026353
4.270933333333335	0.03918107375749558	0.11578517578010236
4.3043	0.029842774011007933	0.10705703606214863
4.337666666666668	0.020980348714234598	0.09572888717290153
4.371033333333337	0.013770275113160924	0.0826296049032462
4.404400000000002	0.007633544175078388	0.06736152956003458
4.437766666666667	0.003209714502534544	0.04983045099942435
4.471133333333335	7.937757741108831E-4	0.03186005441915393
4.5045	6.637342485772413E-4	0.014045460573629293
4.537866666666669	0.0024700936442330623	-0.0044979637568175745
4.571233333333334	0.006447387985435871	-0.02149835838578598
4.604600000000002	0.012388938141208172	-0.037514742455586586
4.637966666666667	0.019872689143721478	-0.052250658061609945
4.671333333333336	0.02868844042386176	-0.06446249075626331
4.704700000000001	0.03848584532094057	-0.07435925038219546
4.738066666666669	0.048663579019619985	-0.081818882049114
4.771433333333334	0.05886257162098024	-0.08640802238909653
4.804799999999999	0.06879614027814868	-0.08814252217347887
4.838166666666668	0.07790389685599441	-0.08731848077415419
4.871533333333336	0.08569426370738203	-0.08395122393715168
4.904900000000001	0.09197775809197062	-0.07787814727370382
4.938266666666666	0.09634445421185334	-0.07034380733853127
4.971633333333335	0.09859784521021175	-0.06088428846280264
5.0050000000000034	0.09856042163750833	-0.04929021628788205
5.038366666666668	0.09600115789198882	-0.03665260763353673
5.071733333333333	0.09097795801287961	-0.0236413990116712
5.105099999999998	0.08361788911729134	-0.010347208691140919
5.1384666666666705	0.07395201348120567	0.002380065474401477
5.1718333333333355	0.06220497412464854	0.014210018484540343
5.2052000000000005	0.04854094317792834	0.025063684932703112
5.2385666666666655	0.03339665988098728	0.034148451017150444
5.271933333333338	0.01727649672999365	0.041546556047483696
5.305300000000003	3.8932420208376284E-4	0.04658862998174784
5.338666666666668	-0.01649315501977111	0.04977957307359748
5.3720333333333325	-0.03289351097498899	0.05065759059828959
5.405400000000001	-0.04837117030883603	0.04908629660099373
5.43876666666667	-0.06236907540123349	0.04601819545448099
5.472133333333335	-0.0747207311686795	0.041047992990043664
5.5055	-0.08475433538646415	0.03469399660995742
5.538866666666669	-0.09198466130777311	0.027287875232540504
5.572233333333338	-0.0967463192130526	0.01932063677947285
5.605600000000003	-0.09813845338579702	0.010894196888713598
5.638966666666668	-0.09686881382824264	0.0030947299705204045
5.672333333333333	-0.09226584782939862	-0.0031876168583850895
5.705700000000001	-0.08546803253369056	-0.00923469050275047
5.73906666666667	-0.07665404862312974	-0.0139684262681814
5.772433333333335	-0.06559680068135415	-0.016862901001220787
5.8058	-0.052669779277156215	-0.017563284920783545
5.839166666666668	-0.03857355772509441	-0.0161994390389322
5.872533333333337	-0.023785792732768818	-0.012619004817227136
5.905900000000002	-0.008733990129075386	-0.006741786539681827
5.939266666666667	0.006171404766299793	0.0010568328124878068
5.972633333333335	0.02037460034734706	0.010829860154088183
6.006	0.03355611815757703	0.02212840825979076
6.039366666666669	0.04524277779229635	0.03481868550348424
6.072733333333334	0.05514365710442265	0.04852864478581631
6.106100000000002	0.06316941814089388	0.06293395471811045
6.139466666666667	0.06897631456909242	0.07751875482764295
6.172833333333336	0.0725072561995746	0.09189127986927147
