masa_A
t	x	y
0.0	0.05194430102289363	-0.09173081412267209
0.03336666666666133	0.062383114945484514	-0.09737594663424184
0.06673333333332994	0.07179943961542931	-0.10057392245094249
0.10009999999999127	0.07944155064392502	-0.10124718663915602
0.13346666666666715	0.08517648791565066	-0.0995535524976098
0.16683333333333575	0.08891184636486008	-0.09560870929344054
0.2001999999999971	0.09023739805040917	-0.08983307045790287
0.2335666666666657	0.08885259916394742	-0.08173155600510484
0.2669333333333343	0.08511028379415028	-0.07273095696498974
0.3002999999999956	0.07896816520909081	-0.06279461033936115
0.3336666666666642	0.07017546178296616	-0.05154493103519403
0.36703333333332555	0.059281357061634704	-0.040577447864820315
0.4003999999999942	0.046542643145116996	-0.029576076922754824
0.4337666666666701	0.03188899494709338	-0.01872214383885129
0.4671333333333314	0.01576698016481795	-0.008560021362909148
0.5005	-0.0012576743662794931	5.85952993983091E-4
0.5338666666666686	-0.01890983111603664	0.008987752956166994
0.5672333333333299	-0.036795339808629174	0.015690761034349493
0.6005999999999986	-0.05470850808295122	0.02112990146902824
0.6339666666666599	-0.0718359283520188	0.025233708863541884
0.6673333333333284	-0.08809838605926107	0.028106011523848867
0.7006999999999971	-0.10269727364564146	0.029040852690681754
0.7340666666666656	-0.11513084370188847	0.02791894485916245
0.7674333333333343	-0.12555513612966493	0.025620752467465313
0.800800000000003	-0.1333801077210071	0.021997147158693275
0.8341666666666643	-0.13813932967438491	0.01750772639072884
0.8675333333333328	-0.13996962375130045	0.012132200433897816
0.9008999999999941	-0.13870765707482846	0.006152252426582044
0.9342666666666628	-0.13446941473616886	-5.82916397345673E-4
0.9676333333333313	-0.1270755002469528	-0.006553975575459836
1.0009999999999928	-0.11682569801019826	-0.011985611950435626
1.0343666666666687	-0.1038589026429673	-0.016844505786787728
1.0677333333333372	-0.08891532093037241	-0.020692899008925875
1.1010999999999986	-0.07180695748695612	-0.023478144142854124
1.1344666666666672	-0.053795944187235656	-0.024579501116991115
1.1678333333333284	-0.0344927014521646	-0.02424450244038376
1.2011999999999972	-0.014915000143675333	-0.02230303012158258
1.2345666666666657	0.004438906083927802	-0.018832391360200762
1.267933333333327	0.023271951893520132	-0.01382353481130183
1.3012999999999957	0.04106515118621942	-0.007819037720426136
1.3346666666666642	0.05738062821581216	-7.58367202694038E-4
1.3680333333333328	0.07174824894285378	0.007096415292034336
1.4014000000000015	0.08420447893638858	0.015257644501948414
1.4347666666666627	0.09397645207868918	0.023627598380585146
1.4681333333333313	0.10121073905146624	0.03165781767625604
1.5015	0.10574048559460072	0.038942959204275165
1.5348666666666613	0.10763719224366938	0.045664507397628645
1.56823333333333	0.10703846308920931	0.05140599075760956
1.6015999999999913	0.10354498546694971	0.055448467544365165
1.6349666666666671	0.09756573545452332	0.0576067696150175
1.6683333333333357	0.08896312241635365	0.05795191052604874
1.701699999999997	0.07905550839990119	0.05639566534914031
1.7350666666666656	0.06704851697805289	0.05274820714960787
1.7684333333333344	0.053808452481235974	0.04679218379551765
1.8017999999999956	0.0397021014656557	0.03853405174860683
1.8351666666666642	0.02506031641331688	0.028701300427226184
1.8685333333333256	0.010327518116242357	0.01690467688926728
1.9018999999999942	-0.004375527902903686	0.003790486756574868
1.93526666666667	-0.01827191094785896	-0.010523230941204359
1.9686333333333315	-0.031088463930412286	-0.02570167352379707
2.002	-0.04257049090907508	-0.04144717513455026
2.0353666666666688	-0.052505605602954974	-0.05710137955164135
2.0687333333333298	-0.06015144364582295	-0.0724134032230506
2.1020999999999987	-0.06614807846875226	-0.08674883795621083
2.1354666666666597	-0.06992855190121638	-0.09997852832075999
2.1688333333333283	-0.07154675928340587	-0.11131234597873454
2.2021999999999973	-0.0710699905258296	-0.12067675949279541
2.235566666666666	-0.0686606082805605	-0.12778924377671827
2.2689333333333344	-0.0647059095932197	-0.13222802783645307
2.302300000000003	-0.05919655381735198	-0.13384329667075892
2.3356666666666643	-0.05223600368817766	-0.13269544904135475
2.369033333333333	-0.04449960170443157	-0.12870118281772566
2.4023999999999943	-0.036460553396991696	-0.12182822131463802
2.435766666666663	-0.028231169927788374	-0.11227031308829968
2.4691333333333314	-0.020232341410831883	-0.10026612305113239
2.502499999999993	-0.012853793095645383	-0.08586211049833417
2.5358666666666685	-0.006220726562687212	-0.06983571691144891
2.569233333333337	-4.946114445396055E-4	-0.0522507006167488
2.6025999999999985	0.004046682841953447	-0.033733015360974755
2.635966666666667	0.007321751742930344	-0.01461259091715969
2.6693333333333285	0.009268456069322334	0.004704316839349493
2.702699999999997	0.009839153389120864	0.02355556294431338
2.7360666666666655	0.009071382506238151	0.041769489961974327
2.769433333333327	0.00702735974096072	0.05885066957858612
2.8027999999999955	0.003794592364525534	0.07420210277785456
2.836166666666664	-3.43774274261216E-4	0.08764353831049945
2.869533333333333	-0.005274172504468655	0.09879683065210265
2.9029000000000016	-0.010562490555100446	0.10743120016188178
2.9362666666666626	-0.016006188471165833	0.11309052080277929
2.9696333333333316	-0.024562656609637995	0.10792682449689409
3.003	-0.03126156295772106	0.09750630351098706
3.0363666666666616	-0.030517240030156267	0.09006307423533919
3.06973333333333	-0.032005885885285856	0.08485281374238568
3.103099999999991	-0.03423885466798021	0.07592093861160823
3.136466666666667	-0.034238854667980156	0.0774095844667378
3.1698333333333357	-0.03208679568092476	0.06705884873531506
3.203199999999997	-0.032260075863195126	0.05505787708652256
3.2365666666666657	-0.02759412248057269	0.0325481008601335
3.2699333333333342	-0.02076212320992471	0.017896279839104634
3.3032999999999957	-0.013937144568610282	7.869582548618026E-4
3.3366666666666642	-0.004625159220162878	-0.017439897930875053
3.3700333333333257	0.005470882388051462	-0.03436604641761318
3.403399999999994	0.016145760216535104	-0.048454291578583775
3.43676666666667	0.02819792170039956	-0.06337573353766787
3.4701333333333313	0.04033818848460516	-0.0760851801849659
3.5035	0.05230950858771674	-0.08641423226779063
3.536866666666669	0.06375385006621906	-0.09416519292232636
3.57023333333333	0.07454712752140044	-0.10002835469147817
3.6035999999999984	0.08395667230999351	-0.10323810927336155
3.63696666666666	0.09186300447090814	-0.10405858697672962
3.6703333333333283	0.09828453110444266	-0.10253596628657871
3.703699999999997	0.10231394568909227	-0.09895365734910244
3.737066666666666	0.10440778845444762	-0.09319265133591972
3.7704333333333344	0.10389651740385655	-0.08579379169460291
3.803800000000003	0.10074055637850646	-0.07707038472182226
3.8371666666666644	0.09563591326437512	-0.06722272562545462
3.870533333333333	0.08741727526234513	-0.05657093143541428
3.9038999999999944	0.07764464860486212	-0.045679227498604674
3.937266666666663	0.06564675997390393	-0.0346318943097354
3.9706333333333315	0.051690007893553186	-0.02392774913607504
4.0039999999999925	0.0367384088659978	-0.013880702548495133
4.037366666666669	0.019930581592631252	-0.004395841066722916
4.0707333333333375	0.0022470317368558923	0.004412291886379205
4.104099999999999	-0.015225180564301971	0.011246615124488768
4.1374666666666675	-0.03278038136343714	0.017008733140803145
4.170833333333328	-0.049807014815617334	0.020903113776452376
4.2041999999999975	-0.06561716102811024	0.02252843600416904
4.237566666666666	-0.08028891522182857	0.023063147560741903
4.270933333333327	-0.09329353024113698	0.02376832422667985
4.304299999999996	-0.10399082769063267	0.022312114223172863
4.337666666666665	-0.1121054501494142	0.019391322823568785
4.371033333333333	-0.11789747810617687	0.015073200408819792
4.404400000000002	-0.12042616014294241	0.010302148310189718
4.437766666666663	-0.12009649184142512	0.0050534987516939744
4.471133333333332	-0.11683856952707056	-1.272205215610278E-4
4.5045	-0.11047570406012189	-0.005326636345040797
4.537866666666662	-0.10117375836354262	-0.010001899600471154
4.57123333333333	-0.08930419594526126	-0.014259654038326547
4.604599999999999	-0.07541975820855831	-0.01730480017466321
4.637966666666667	-0.059557495447347425	-0.019950165205260384
4.671333333333336	-0.042099250110176095	-0.020752352409783292
4.704699999999997	-0.02370911930850189	-0.019915278784388785
4.738066666666666	-0.0046886173673910125	-0.017724793888343887
4.771433333333334	0.014414208135439671	-0.013884327526410167
4.804799999999996	0.03297253718506768	-0.008859919318155773
4.838166666666664	0.05098921222473943	-0.0036267726538614653
4.871533333333326	0.06783805271689611	0.003031885853406663
4.904899999999994	0.0825967719665626	0.01039414134703845
4.93826666666667	0.09543588519286442	0.018304244249035456
4.971633333333331	0.10627869302250395	0.027183307817278984
5.005	0.11334058022649332	0.03513339166248847
5.038366666666668	0.1186691542924975	0.04331258582790243
5.07173333333333	0.12102036270657082	0.050398732401335564
5.105099999999998	0.12069823538256871	0.05670523582553526
5.13846666666666	0.11756729234411614	0.061416057006412436
5.171833333333328	0.11203387340882545	0.06427910956711078
5.205199999999997	0.10399510837653761	0.06576900053429949
5.2385666666666655	0.09401006390371694	0.06534818535614137
5.271933333333334	0.08231787350816691	0.06293764426543492
5.305300000000003	0.06892353494152845	0.0581550690410601
5.338666666666664	0.054609697075990754	0.05155530742716054
5.3720333333333325	0.03985340332653228	0.04280905581689819
5.405399999999994	0.025120421958858635	0.031900645387299836
5.4387666666666625	0.010441651239104316	0.019444178594546196
5.472133333333331	-0.0036239104366987407	0.005864214988786753
5.5055	-0.01669149261434974	-0.008772658464959837
5.538866666666669	-0.028473475321280167	-0.024069335706347755
5.572233333333338	-0.04711066641100292	-0.042630275199127515
5.605599999999998	-0.05551717841964626	-0.058234709981557525
5.638966666666668	-0.06213003636444875	-0.07328149133257442
5.672333333333328	-0.0662802501167184	-0.08810643869026083
5.705699999999997	-0.06878239398655997	-0.10028263690111719
5.739066666666666	-0.06930035245093341	-0.11034409714864254
5.772433333333327	-0.06737052945805605	-0.11758312104019156
5.805800000000003	-0.06440844417687633	-0.12333477812817303
5.839166666666672	-0.059620680183432806	-0.12562857076836184
5.872533333333333	-0.05383459838533647	-0.12457258283409686
5.905900000000002	-0.046992892074786324	-0.12083132074307132
5.939266666666663	-0.03988791837162581	-0.11349720075854083
5.972633333333332	-0.03251573715222983	-0.1043839716491601
6.006	-0.025281607515648924	-0.0927657387167185
6.039366666666662	-0.018619451742090926	-0.07882125508957102
6.07273333333333	-0.012650719652551157	-0.0633031066116441
6.106099999999999	-0.007709139174714386	-0.04632468649292734
6.139466666666667	-0.0038019344270490973	-0.028167383045489797
6.172833333333336	-0.001306599059249125	-0.00949300673851114
